-0.642647328905973
-0.327759602328681
0.228083624429314
1.05822006888454
0.647092054337346
0.832799441642345
0.0222461888163586
-0.5690242579297
-0.193034276564583
-1.3364202572501
-0.0635639798125313
-1.47659926051539
0.604036542536237
-0.683888787320019
-0.729996093604564
-0.434797739111629
-0.50101224029028
-0.348927407196852
-0.100190786732248
-0.797147867230055
-0.413501159824646
-1.47878763499279
-0.541779761343391
-0.560399875787082
0.270833322386364
0.789429897962665
0.669391605314096
0.248526545354496
1.11214847790189
0.67490350736479
0.0197312036209386
-0.425900388933805
1.18551040944663
-0.0974288855440877
1.68759421461662
-1.03493574095563
-0.82303590089978
-1.67114133018728
-1.97144748145404
-1.92941560479706
-1.10759379851208
-1.53077276898784
1.02060252238114
-1.18608648164147
-0.472967856490422
0.430978137150063
-0.727694742471948
-0.624671472339171
1.19697539032372
-0.131554378237599
-0.118874736074162
1.20287056904459
-0.212605246128668
2.89434265975392
-0.198946634961113
0.102826737757002
1.34749145434223
0.0878324573031302
1.27849563895008
-0.115171019299898
-1.04740338921659
-1.73539734071266
0.274884687849154
0.153685678252184
0.562250334617376
-2.06318114875519
-1.83224046389378
1.58052806345939
-0.677431479269622
2.05953955216375
0.932796337706577
1.12261979010137
0.0869384801827587
-0.624008590587344
-1.06931255126137
-0.56949040228811
0.988070111094298
0.55408956499495
-0.556180200458238
0.926810885879768
0.475924853907172
-0.555694404027264
0.685325546945993
-1.83607487496119
-0.209696249304353
-0.376356502193838
-1.65616877635652
0.150874055631545
0.674997889868295
-0.706803924558556
-1.39163255290262
-2.17037225365155
0.648264126994554
-0.416354444024307
0.243988277668363
-0.286884951025804
1.27743040191697
0.648118952259929
-0.803715598239978
1.62189106674208
-0.414935884949876
2.15470813375109
-2.43716224929186
-1.90868500414116
0.0204828672719979
-0.348384652670457
0.350687202500172
0.866168126226625
1.10158602040072
-1.19040049553087
-0.361651829005893
-0.991328140617132
-2.56547220771301
0.88518686397463
-0.44992703005182
0.176775987316502
-1.92840732434421
0.137718708681486
1.11013632128069
1.01504225433528
-1.80881427553475
0.728525430290891
0.032924699778691
0.0522009254894221
1.41548366620795
-0.15692079708536
-0.455302851788594
-0.290060737785579
0.403311198875279
0.135961637395503
0.600905390445406
0.197307272022191
0.0352891793805012
-0.894445492435314
0.577065287814721
0.251901604022598
0.963481786823951
-0.759070879193286
0.560408947055301
0.154915899387291
-0.619476884212163
0.134539615524584
0.769982113439517
1.98778282426441
-0.314371473448134
-1.90338626695216
-1.64949830081999
1.57219460542403
0.0078005222265372
0.509693404771532
-0.901880893187128
-1.53386588573034
-0.963419725501158
0.436061429757414
0.50089899377801
0.791314389888265
-0.122747128797241
-0.684973242746759
0.257149793603803
1.76705605249341
2.07200008171135
1.30610854400106
-0.56500400854661
-0.0792971038968774
-0.565844127522735
-0.514724321142347
-0.855725114692859
-1.08942578875088
1.00893491022937
0.557285152516168
-0.673439194059407
1.21310637247642
-0.40106684645285
-0.786170861668823
-0.565355955211543
0.130846897785211
1.49709776829658
-0.215171199808533
1.82097366348802
-0.851021703599227
0.260755741876706
0.550032216652481
-0.845027506324751
1.7465734994396
-1.78813316592208
1.20777179483595
-0.342473103931259
1.89718885722215
1.85195752103595
-0.924908749130847
-0.529497346466582
-1.03685774474038
-0.536707046305627
0.764390066447252
-0.0589610683736569
-0.598984682599007
0.559624250307972
-1.24019567302808
0.0154289672859166
-1.3018667766868
-0.26786582465293
-2.19111507498193
-2.27913825296039
-1.67477814443079
1.44798643605203
0.995949392906633
1.41520288542019
-0.430233557619125
1.09609680015109
0.00935416703439611
0.106491925556744
-0.717495214726821
-0.193413585728723
-1.11851570993171
-1.27298455746196
0.500671165792129
0.200913326311264
1.33947693158967
0.227942795508832
-0.532469603985519
2.00072762519808
0.784941631976202
2.25265375809746
-0.373121293105176
1.31545578603707
1.59580393113253
0.554036958886913
0.944073477749217
-2.16278725071122
-0.074389502749203
0.212601518222568
-1.19914932794087
0.605300993931649
-0.521390807651537
0.472149624065856
0.531597524195034
-1.80498256904795
-3.20341977793314
0.67032585082398
0.350054336855986
-1.08087191209187
-0.590615288534062
0.246264936175754
-0.354066370687364
0.0140001887573551
-0.189145380117733
-0.609179412989419
0.27019187562114
-0.387676664575152
1.12745270780867
-0.547381643821849
1.56684469319711
-1.79269312216362
-1.14971119754268
-0.0566572489892663
0.652170738460883
-0.49023010305526
0.492536437946007
1.42099675684142
0.745498435823196
0.461395797270039
0.444290511125354
0.976826191324146
-0.467891490357186
1.97154438308947
-0.353315612674328
0.236073642437188
-0.0296508300636371
-2.05069609872455
0.61263728367589
1.34731915171967
-0.602898425481441
2.86755155809174
-1.50650939762142
-2.08238612357056
0.970010933299351
-0.423675719617976
0.642908787179109
1.45843147329466
-0.236335711774186
0.56182914902193
-0.588451548198304
-0.054413203117162
0.244904795975206
-1.11429450911137
0.822945555144585
1.58887804942174
1.68614605883768
1.16241833787212
-0.896250802095305
-0.152082056635356
-0.380030575145807
-2.00499979081582
2.51223915688816
-1.55096248727562
1.40499991868738
-0.488436944521456
0.489127808186728
-1.34320882153428
1.99939077392379
0.109760474299024
-0.673644314171662
1.93854627639007
2.22390612568665
-2.41407844710438
-0.672958558362482
1.13439461004284
0.838352462940309
0.298368578125386
1.33197238187997
0.345483952427576
1.38965061639162
0.0909710549235569
-0.887623287348357
0.551187518310787
0.730380921491716
0.712137858748323
-0.452863762076181
0.771155614724008
1.01700154688261
-1.34952180966144
-1.01482050966345
0.824583019582922
-1.41507216100164
0.643356560592534
-0.11841277557216
-1.10129351659795
-0.239104145241867
-1.43132558727686
-0.0351479157983674
0.842694104633404
-0.381950022110584
0.361476873413433
-1.97291028010493
-0.280443905275922
-1.70923760980998
1.49933517879784
0.964473283667026
-0.190311468536567
-0.0254183470742697
-0.236068419313921
-0.686456391928067
-0.56959564056008
0.715324711322925
0.526507191613701
-1.29452652378678
-0.863467485318053
0.389621991646651
-0.385107303407846
-1.86477346262493
1.13088807812128
1.94620097768214
0.422977460154725
0.535574669708494
0.285127149285728
1.18749620805201
-0.83089522439599
1.64620009170133
0.496283402589005
-3.46539000682022
-0.670988517841371
0.9733349650094
-1.71373750805914
0.462154185945117
-2.04084337779958
1.3946516706216
0.883590201042582
0.369241616480683
2.38288112387452
0.504424322287912
0.905167211335464
0.756417509350313
0.819111382627821
0.074653927420599
1.23555216545799
0.111810152151406
0.291640731888957
-0.141039783541951
-1.55398629336385
1.52968033609346
0.670348649722136
0.0987075187941947
1.68437365593132
0.593941277754425
-1.80999108137314
0.522013090591225
1.09768411662346
-1.54946369379528
-1.38952073857323
0.212723981112821
0.47011672584305
-3.10300087159595
0.714984022478423
0.617468608840766
0.454627898780416
-3.27055964572013
1.66605263752784
-0.248445698408865
1.28606157087207
0.956069103876749
1.09486219500696
-0.154179128464762
2.00737331564185
-0.865028585041953
-0.358829737142033
0.784309448163316
0.230285514661847
0.361269452792432
-0.869572170192163
-2.69703304124093
-0.61266994590535
-0.300424162073549
-1.29400793991332
0.378636592933323
-1.27998439452744
0.763193827181779
-0.685033265032396
2.09946317874738
-0.0907568353568075
-0.251748089183916
-1.5121801333346
-0.970000723142617
-1.04227039902067
0.157938075075463
-0.581590436104542
-1.88500598620878
-1.03618668110887
0.420945264890558
1.11169718774289
-0.917040410888719
0.148727649463837
0.644976985423874
1.00715551185442
-1.21802827470197
0.941517099564144
0.166465994385777
-0.190786930239531
-2.43926543828274
-2.01040349082708
1.15462355504132
0.91460481663482
0.0449536777267802
-1.26677130710338
0.672201227860707
1.96315466330175
-1.18392844973288
0.688941823806992
-2.87602188095511
-0.700072443577608
2.33762397370458
-1.37611832743225
-1.43956511835864
0.10540153850106
-0.279964075362549
0.508920096183742
-0.729445333712795
0.572367278145835
-0.521897927100547
-0.109835885478578
-1.48799904779134
0.17216541704987
-0.653171745226644
0.473114663759459
-0.566308891879118
0.0925144328346386
-1.87858215290967
-0.916484659667211
0.324242218922222
2.32572606035991
-0.699632233731471
-0.747027180663005
-1.2944485668201
1.67314241262894
0.117613245327874
-0.06092008305287
-0.0670489061050859
0.611578550143664
-2.14813404344806
-1.39114810197467
0.208272378936703
-0.437769499827915
1.56368370747318
0.949704249830513
-0.892927807878917
1.42417950495972
0.44095014180963
-1.10888359644178
-0.556590517860841
0.0350822862593675
-0.55012597108419
-0.62111047015638
0.620858968502719
2.44371150293593
-0.893236670531907
-0.229538523031422
0.0959783640412291
-0.480924364929208
-0.888642912445765
-0.626756986023959
0.654415993461007
-0.126793044721906
1.06395874878736
0.764798386970161
-1.02362387152382
-0.312000459440894
-1.77872985859878
0.285468753238858
-1.16055117514395
-0.502618058564622
1.78234500769543
-1.05454989279662
0.904217268597427
1.42083378161121
-0.680011783185163
0.207027409558379
-1.12150533184735
1.07798787582418
-0.905289786067846
-0.539613042225693
1.53676523860047
-0.217750392697943
-0.719226990931936
-1.04562350393342
0.763385213505324
-0.646766749339251
0.642900423855893
1.0225936061019
1.35768950105779
-0.207188675598766
-0.196094900365189
-0.506826846734275
-0.109427521978007
-1.44783193767291
0.692720114092861
-0.355244938197234
-1.0339727365288
0.178934645254942
1.78479748504639
1.05229395231598
1.37202626820374
0.464077414034379
-1.29595167472989
-1.09006233958113
-1.51089184485146
-1.35770320503525
-1.1785247437682
0.567829976556755
0.997749545723236
0.814293037704146
-1.19454331187909
0.307782979105949
-0.345235082345759
0.603420601094518
-0.710449819209339
-0.0434418159651776
0.520406481257988
-2.33711476597621
-0.18037109708397
0.922849399379569
1.87853925093149
-1.11096909054996
-2.303447748855
-1.26368677462289
1.71629343056551
1.24065819129294
1.06478797643003
-0.909112311696465
1.27493084866765
-2.08632598901104
1.57529385802366
1.45007106316424
-0.230550135246076
-0.0970152641060793
-1.74613172712246
0.35179332423489
0.268136107824544
-0.0606393765228262
-1.27036065701064
-1.18270482848523
1.24930030247249
1.41750506270733
1.45383049438879
-0.496359712108835
-0.443663013505665
-0.256734482696137
-1.15359090755316
-1.70466300369406
-0.00514966351454676
0.903058433797011
-0.749682867340871
-0.331043042007709
-0.866086894308871
1.02618189939884
0.670729030071022
-1.74204108059546
0.977449587394416
0.0923895300108758
-0.863002022656062
-0.357030425861709
1.87005752395154
-0.348835604490337
0.249903183077314
0.0487365549609666
-0.146739556054675
-0.251067725659044
-0.275699845650708
1.95885910295943
2.21078041832495
0.134303592801108
0.612877683829709
1.28280103821142
1.00194183368092
0.209221680847884
-0.528999359099855
-1.49411213549364
2.25537424428649
-0.171135028528286
-0.244481631873456
0.643480104226942
0.133934959320272
1.20479434781838
-0.279230623721918
0.528525467178162
-0.508346326606086
0.0459094389111465
-1.57168518124767
0.471522280640642
-0.723416740350222
-1.74590760428139
2.48629342696581
2.4629344393911
-0.589991273687907
0.935507350931937
-1.46375876349896
1.43555506888244
1.07899677793695
-1.4015870067716
0.795025970946715
0.825322967436423
0.880356095509248
0.268270831687118
0.482403467995122
-1.26606561123658
-0.873485293091311
-0.0339573023861951
0.192981579852091
-1.2424398480193
-1.32935439911231
-0.307141989436413
-1.67715014700803
-1.12218947857242
-0.411643992742506
-0.0166877442072049
-0.371651147579301
0.419311334506913
1.7560575913281
0.279193676970854
0.353600792706508
1.14196737934653
0.397041326632969
-0.0411062591591778
-1.19645478839759
0.656750140663883
-2.0949804179181
0.80207270670452
0.410398544835897
-1.77789576316467
-0.106656963964285
-0.624306869129748
0.754937536912721
0.224345093468587
-0.917032905343029
0.055100490607713
-0.0826240778370216
-0.476253111505962
1.46236015284994
1.73395026111514
-0.322414035335661
-0.444940743660452
1.37423815340168
0.743208698417514
-1.42684709164026
0.63001728473969
-1.03341809867502
0.176935879757908
0.295370136832059
0.0536893424776135
0.395304211843211
2.15664673898753
1.9581213597369
1.63158564016075
0.841572732010381
-0.490125155160109
-0.477318173659088
0.0907709756730767
-1.19795004841753
0.788211303324896
0.422760413355947
1.78985468650553
0.732619632199823
0.949241457490542
0.140669141751117
-1.09503115613725
1.28782496295057
-2.01203034483772
0.43582137046842
-1.72204481581143
-0.964209563038271
-0.838772690650525
0.574031185671497
-0.0385292284202806
-2.18282181915751
-1.12485981362498
-0.859762808747175
-0.674836687766421
-0.929512462462373
0.588824104890187
-1.08168446239616
0.781403432395295
-0.942838129304808
-0.197841905592516
-1.41723943708397
1.96861290935582
-0.0957791670162171
0.996421040210245
1.8618794671751
1.25724699880855
1.46347625691329
-0.516627825919334
-0.0352078331705082
1.70672646064011
1.09277132956706
1.22028641108351
0.771621125844387
1.06769488875869
0.278130766321961
-1.12575056026427
-2.30888640270152
-0.704923100742691
-1.30817807577974
1.17101337401632
1.37688345911134
0.0252746369918528
-0.855672643203513
-0.587745978019167
0.538283777586977
-0.310894302323389
1.63170143437139
-1.59561836250565
-3.03602741478289
0.646664254825062
-0.683852275608049
0.294776097344913
1.31034210282874
-0.177481411937241
0.923999459162672
0.563527538398261
-1.22018239184918
-1.31225208186605
0.381982179385104
-0.154171792070388
0.295091951387448
2.13350504960701
0.35898996134594
-0.40346863754325
-0.455905880017147
-0.220886748366891
-0.997088521403888
-0.149517633364359
-0.0682954207202069
-1.81290132560542
-0.0766250595318918
1.56569972140544
1.52790822527505
-1.18428898423186
1.98146853878475
0.981196184555183
0.341933701642854
1.07526638050465
-0.292885472897427
-2.00946121909578
-0.112238371584634
-1.27147949346397
0.14040012183305
0.305802289792479
-1.72275713391463
-0.513349692637084
0.549394803764195
-0.150554204586158
-1.05567857293481
0.34654763404162
0.966812275340373
0.139998004868083
0.0489220408433856
0.862287829229992
-1.71918553436138
-0.894650872581224
0.403519721391119
0.732023509538526
-1.18436017277304
1.18343547816697
-0.0918229574807111
0.384952923641175
0.373816719784899
0.0807083358932155
-0.607671332869372
-0.720320658913454
1.22184744512631
0.89192635957047
-0.40406087563212
-2.55483039334845
-0.466602194057087
-1.33405759625887
2.09317778708713
0.371389740100819
0.175548197273473
-0.251946956669684
-0.497450305860535
1.30258570858217
0.760607162256429
1.30715040867413
0.535948292045488
-0.862892925822798
-0.125439314937259
0.409813529503255
0.642872196316342
1.64121328481718
-1.4272313419517
-0.0806408310297878
0.83868854464693
0.218299569627488
2.05445677257484
0.383603270152497
-0.558853073857733
-0.403025909450865
2.031452495072
-0.447236315042755
-0.479833357124243
-0.94696444952712
2.80010416714169
0.681038629580465
-2.76801452582073
0.973311911198979
-2.10786893588628
-0.142473445244997
1.23055271318471
0.938424310979746
0.433330895478178
-3.95515698245962
0.467332164227072
-1.83191601311979
-0.781380488808737
-0.145582433443707
2.91110351357161
0.207384101075929
-1.4614462165756
1.95637061784175
1.30892159793552
-0.359949308162826
2.78670232748635
-0.111071481377832
-0.138527983113811
-0.250975074511741
-2.35832037282242
1.04153245213941
0.00415021101745283
1.65948960825256
0.743804704488512
0.613605960606253
-0.401453803276909
0.553990299827339
-0.597352392053822
1.00770935356264
-1.19976289952639
-1.21727509474361
0.507951709866007
0.426798683710369
-1.04916685636212
-1.51037577004965
0.376069945834515
1.69020754499464
-0.643511586580986
1.2273446437861
-0.44934809418801
-0.463742678032089
-0.334373121447355
-0.524619066926015
-1.19258097209185
-0.851671296344104
1.71129613772547
0.266453471233338
0.673084439707612
0.304089966495852
1.05565579654287
-0.027657181580071
-0.266749872321781
-0.746137150282161
2.65740077090798
1.42161113541037
0.965946067526649
-0.383900923189307
0.485804192785151
-1.28241421548522
-0.343661577062294
2.6506078908439
1.66699367585522
1.1623462666713
-0.806334252604044
0.904170489865277
0.172935307614577
0.0134433809346028
-2.46461424063816
-0.177347355619859
0.299840050205145
-0.156321687840022
0.87601413683291
0.679829216062646
-0.534057056355849
-1.19381653180344
-0.966244172935587
-0.557388239929722
1.05134070502869
2.13626230182023
0.250736420045083
0.177845468016914
0.290289324203528
1.37576527391073
-0.218621391565171
0.249453768067896
0.650839724661267
0.498167327569702
0.956312755762619
0.851111326102113
0.870844982905708
1.36467715802577
0.589104999330076
-1.73916221748399
-1.3282881993006
0.595823844586822
0.222154685490384
1.23977432456674
-0.966712797595664
-9.06045858445317e-05
0.600904766925043
0.87175903619748
-0.0579548427414069
0.766158876887584
-0.190142458863531
0.365129010806594
0.272685336017554
0.706727551154033
-0.0531233874038729
0.0486889080142615
-1.92698393418075
-0.211365963108201
0.408555862769042
0.373547322426874
1.42026328178641
2.26251657965585
0.985558130244837
-0.126635961791833
1.46987361431817
0.0841232492165608
-0.900000888074581
-0.322079683500671
-0.626324564380928
1.4884837453762
1.16040456677379
-0.642797173379621
0.161200797543766
-1.57960243575418
1.03550423729097
-1.25271996661408
-0.623129137870305
0.00398546642914875
-0.69727354473104
0.348809652131986
-0.254894220705433
0.656781832217205
-1.94451956348083
-1.39879703675604
0.629794238992241
-0.759990038593764
0.223323157534189
-1.98308853677052
-2.64063038741518
-1.74535886992255
-2.633558888979
0.323337445520369
-0.589093970368756
0.317784402451894
-0.301905093062232
0.674819206140854
0.958588836679459
-1.1296682182985
0.0871924902278697
-0.396790727598512
1.44119077990392
-1.92231810652051
0.546205348544307
