0.0525
0.322
0.3935
0.2745
0.335
0.442
0.43
0.4105
0.2865
0.05
0.0595
0.366
0.0475
0.094
0.3825
0.224
0.4865
0.36
0.2125
0.3765
0.313
0.0485
0.073
0.199
0.392
0.357
0.379
0.138
0.229
0.367
0.2355
0.1695
0.277
0.4875
0.33
0.1135
0.327
0.157
0.1015
0.229
0.073
0.1055
0.1585
0.3245
0.3305
0.121
0.453
0.226
0.194
0.0805
0.319
0.19
0.0649999999999999
0.484
0.251
0.1025
0.1015
0.0565
0.433
0.3465
0.288
0.115
0.2775
0.233
0.225
0.046
0.232
0.382
0.051
0.0629999999999999
0.36
0.4755
0.464
0.349
0.115
0.115
0.4025
0.2225
0.0955
0.461
0.3435
0.2635
0.4005
0.0629999999999999
0.184
0.124
0.2945
0.111
0.351
0.276
0.201
0.262
0.0815
0.386
0.297
0.2605
0.3335
0.081
0.0705
0.1165
0.1065
0.2045
0.1995
0.495
0.2595
0.145
0.147
0.178
0.0865
0.167
0.125
0.0735
0.2475
0.46
0.0735
0.1525
0.1
0.0865
0.1865
0.2615
0.0825
0.0565
0.0535
0.0625
0.2085
0.18
0.464
0.076
0.132
0.438
0.053
0.1405
0.3575
0.37
0.3565
0.3505
0.1995
0.1065
0.2635
0.387
0.4465
0.219
0.292
0.2205
0.144
0.0525
0.4985
0.3965
0.0695
0.3195
0.097
0.1075
0.0725
0.165
0.184
0.4285
0.191
0.1635
0.3035
0.375
0.105
0.1535
0.435
0.0795
0.396
0.168
0.3315
0.3555
0.269
0.271
0.2415
0.065
0.438
0.1065
0.417
0.431
0.0595
0.117
0.282
0.1115
0.0505
0.074
0.1745
0.0585
0.397
0.453
0.359
0.0695
0.1235
0.1745
0.077
0.0585
0.2855
0.054
0.085
0.183
0.3085
0.432
0.0655
0.322
0.321
0.414
0.2155
0.102
0.238
0.093
0.399
0.1705
0.433
0.1875
0.4575
0.0535
0.064
0.448
0.18
0.4935
0.2685
0.363
0.2175
0.3175
0.2585
0.075
0.2615
0.0885
0.386
0.3135
0.1445
0.457
0.272
0.4165
0.3275
0.4245
0.331
0.2265
0.164
0.2285
0.1005
0.3845
0.2355
0.106
0.1425
0.3125
0.0600000000000001
0.1825
0.2505
0.499
0.442
0.3485
0.071
0.3135
0.075
0.359
0.155
0.3255
0.148
0.316
0.1405
0.101
0.0505
0.2455
0.1125
0.0645
0.2155
0.1585
0.199
0.0735
0.0465
0.169
0.4775
0.4745
0.3555
0.2245
0.245
0.263
0.42
0.0545
0.057
0.0845
0.2675
0.0675
0.4445
0.149
0.251
0.0525
0.2735
0.3355
0.095
0.192
0.2365
0.3585
0.42
0.088
0.1855
0.0695
0.0475
0.4765
0.0535
0.319
0.4135
0.4065
0.088
0.344
0.1565
0.304
0.1515
0.43
0.434
0.1865
0.3205
0.123
0.0649999999999999
0.2845
0.4485
0.0785
0.111
0.485
0.0679999999999999
0.0925
0.1425
0.467
0.254
0.4585
0.0565
0.371
0.0595
0.0825
0.0785
0.3135
0.2725
0.068
0.1075
0.061
0.1115
0.1965
0.09
0.3095
0.2875
0.057
0.4475
0.2115
0.102
0.431
0.247
0.441
0.427
0.2985
0.0775
0.1665
0.4815
0.3355
0.1555
0.065
0.4615
0.312
0.128
0.2585
0.152
0.0685
0.4315
0.1765
0.0985
0.261
0.486
0.139
0.4435
0.0785
0.203
0.071
0.4145
0.436
0.4485
0.334
0.0465
0.4805
0.167
0.0865
0.297
0.477
0.0995
0.2935
0.089
0.0580000000000001
0.4865
0.0875
0.3835
0.178
0.079
0.197
0.4145
0.143
0.2815
0.2145
0.122
0.0515
0.3695
0.4095
0.346
0.178
0.4315
0.455
0.243
0.066
0.3345
0.0435
0.212
0.1755
0.0785
0.456
0.2215
0.229
0.065
0.173
0.361
0.4815
0.2295
0.3475
0.224
0.0815
0.0595
0.353
0.072
0.0745
0.0775
0.19
0.197
0.13
0.0590000000000001
0.2925
0.218
0.275
0.3515
0.1995
0.1625
0.0665
0.0580000000000001
0.4205
0.4645
0.4355
0.292
0.083
0.4615
0.0865
0.4925
0.1955
0.05
0.1575
0.051
0.2075
0.1845
0.4145
0.3315
0.305
0.318
0.2075
0.0625
0.3135
0.101
0.356
0.471
0.2665
0.1395
0.0649999999999999
0.104
0.1385
0.086
0.2825
0.297
0.397
0.391
0.1
0.332
0.4125
0.176
0.179
0.401
0.1085
0.0455
0.0615
0.082
0.276
0.258
0.198
0.045
0.0765
0.3385
0.477
0.183
0.4345
0.323
0.212
0.1495
0.1095
0.3195
0.313
0.2435
0.3675
0.383
0.251
0.3935
0.341
0.3135
0.4585
0.4175
0.235
0.0785
0.37
0.4505
0.344
0.391
0.2275
0.3985
0.2725
0.1375
0.481
0.124
0.3525
0.279
0.4715
0.0535
0.2725
0.088
0.371
0.494
0.4605
0.1
0.06
0.0695
0.4785
0.23
0.278
0.1595
0.296
0.26
0.077
0.0785
0.3715
0.3225
0.052
0.432
0.311
0.0535
0.0875
0.1155
0.4885
0.4745
0.2225
0.437
0.1345
0.4525
0.1705
0.0885
0.102
0.24
0.1755
0.412
0.226
0.0795
0.3935
0.0705
0.2165
0.1655
0.352
0.2035
0.1845
0.1255
0.082
0.1355
0.1705
0.3755
0.0495
0.0565
0.419
0.0855
0.206
0.4755
0.424
0.236
0.242
0.392
0.3325
0.354
0.246
0.112
0.4075
0.09
0.0915
0.281
0.4015
0.092
0.462
0.251
0.393
0.2545
0.309
0.465
0.371
0.0815
0.1115
0.123
0.327
0.244
0.2585
0.122
0.0705
0.077
0.2245
0.104
0.34
0.0765
0.0805
0.3085
0.4395
0.141
0.476
0.3765
0.262
0.367
0.08
0.072
0.1515
0.4045
0.0610000000000001
0.4545
0.0675
0.435
0.137
0.1265
0.2845
0.044
0.0885
0.205
0.49
0.242
0.2695
0.179
0.2415
0.34
0.3965
0.1655
0.0845
0.2995
0.305
0.479
0.103
0.4905
0.455
0.2485
0.386
0.4165
0.084
0.2245
0.4785
0.0605
0.3595
0.362
0.274
0.054
0.4345
0.211
0.292
0.477
0.204
0.0639999999999999
0.298
0.395
0.494
0.2925
0.221
0.3695
0.3975
0.092
0.2295
0.1375
0.074
0.3215
0.3055
0.406
0.121
0.0485
0.3655
0.0815
0.141
0.0875
0.1575
0.3485
0.2215
0.0825
0.4555
0.1615
0.338
0.114
0.3575
0.183
0.0605
0.0825
0.094
0.056
0.2565
0.0669999999999999
0.0629999999999999
0.24
0.054
0.095
0.087
0.1605
0.138
0.086
0.304
0.3645
0.111
0.054
0.338
0.186
0.083
0.3095
0.078
0.3405
0.177
0.292
0.2695
0.074
0.07
0.2
0.0565
0.19
0.2075
0.3015
0.1945
0.467
0.0935
0.449
0.3505
0.11
0.0565
0.2745
0.397
0.0679999999999999
0.348
0.4805
0.1215
0.3095
0.098
0.389
0.088
0.071
0.345
0.1125
0.214
0.452
0.267
0.29
0.405
0.2745
0.4595
0.405
0.0805
0.4265
0.0505
0.1755
0.288
0.2055
0.0525
0.382
0.076
0.4165
0.142
0.2165
0.066
0.4205
0.451
0.0525
0.4625
0.0775
0.1275
0.058
0.3065
0.405
0.196
0.2725
0.119
0.4275
0.4985
0.422
0.248
0.4405
0.054
0.0795
0.0555
0.167
0.4895
0.085
0.427
0.1875
0.0855
0.1565
0.425
0.0625
0.182
0.4565
0.3075
0.092
0.379
0.3795
0.208
0.091
0.495
0.0615
0.255
0.4845
0.162
0.0945
0.087
0.158
0.246
0.0565
0.4445
0.186
0.479
0.0735
0.278
0.0975
0.0639999999999999
0.0515
0.073
0.1575
0.049
0.146
0.087
0.081
0.0925
0.2125
0.292
0.063
0.363
0.4185
0.243
0.231
0.2025
0.179
0.3875
0.2615
0.141
0.4655
0.164
0.335
0.345
0.044
0.2605
0.2415
0.458
0.3505
0.384
0.46
0.4205
0.1945
0.222
0.381
0.238
0.1655
0.089
0.056
0.4725
0.0745
0.4755
0.0825
0.067
0.052
0.087
0.119
0.133
0.0905
0.0745
0.087
0.2795
0.073
0.1485
0.221
0.204
0.3745
0.1585
0.096
0.0815
0.192
0.32
0.123
0.4295
0.0655
0.0775
0.0495
0.332
0.2185
0.392
0.1545
0.0555
0.1565
0.178
0.2965
0.056
0.2805
0.138
0.0985
0.49
0.0995
0.3875
0.153
0.145
0.1965
0.0745
0.1345
0.1115
0.058
0.3745
0.2155
0.1975
0.0875
0.4665
0.0825
0.415
0.2
0.139
0.169
0.055
0.106
0.4285
0.0575
0.2905
0.0565
0.28
0.344
0.074
0.212
0.1785
0.11
0.1865
0.0895
0.0965
0.0855
0.2155
0.298
0.415
0.231
0.105
0.357
0.0575
0.375
0.2415
0.07
0.195
0.328
0.4775
0.0735
0.215
0.472
0.4425
0.179
0.162
0.202
0.15
0.308
0.1175
0.0655
0.4425
0.466
0.084
0.0685
0.0725
0.1075
0.3855
0.175
0.3935
0.096
0.2965
0.3445
0.112
0.1485
0.045
0.4355
0.244
0.0815
0.1875
0.4685
0.193
0.3365
0.291
0.05
0.2085
0.1185
0.2275
0.3465
0.1165
0.285
0.123
0.223
0.41
0.2525
0.0865
0.2515
0.108
0.4575
0.484
