SNP	Locus	chr	startPos	endPos
rs717795:T:C	1	1	2470464	3470464
rs9435732:C:T	2	1	16808158	17808158
rs7521902:C:A	3	1	21990724	22990724
rs2997447:G:A	4	1	25887423	26887423
rs11205773:T:C	5	1	50784905	51784905
rs598104:A:T	6	1	85766109	86766109
rs2061708:G:C	7	1	102917203	103917203
rs11204762:A:G	8	1	150499737	151499737
rs7554947:C:T	9	1	159913460	160913460
rs10919388:A:C	10	1	169872503	170872503
rs6658424:T:A	11	1	199549302	200549302
rs3851294:A:G	12	1	204630413	205630413
rs4951588:C:T	13	1	212000433	213000433
rs715300:C:T	14	1	220790755	221790755
rs10799424:T:A	15	1	227255475	228255475
rs12692387:T:C	16	2	9198190	10198190
rs6432188:T:C	17	2	10999032	11999032
rs711869:G:A	18	2	12573967	13573967
rs17509001:T:C	19	2	23521231	24521231
rs6752964:T:C	20	2	43254655	44254655
rs17326656:G:T	21	2	48462291	49462291
rs848286:T:C	22	2	57894543	58894543
rs9678859:A:G	23	2	99788478	100788478
rs4372913:A:G	24	2	114017748	115017748
rs332105:G:A	25	2	118944229	119944229
rs270960:A:C	26	2	161214729	162214729
rs13010546:C:T	27	2	170870986	171870986
rs7585974:C:G	28	2	171877212	172877212
rs12694042:C:T	29	2	206529825	207529825
rs1250259:T:A	30	2	215800482	216800482
rs2602680:T:G	31	2	224566513	225566513
rs1522811:C:A	32	2	226492454	227492454
rs35419826:G:A	33	2	239219323	240219323
rs11129657:T:C	34	3	35136709	36136709
rs174829:A:G	35	3	37035577	38035577
rs740838:C:A	36	3	43264315	44264315
rs17289035:G:A	37	3	56625424	57625424
rs73094710:T:G	38	3	61057775	62057775
rs17311057:C:T	39	3	78341789	79341789
rs73858966:T:A	40	3	99154183	100154183
rs1979527:C:A	41	3	126900781	127900781
rs34905952:G:A	42	3	137604635	138604635
rs62271373:T:A	43	3	149566540	150566540
rs10049088:C:T	44	3	156297648	157297648
rs12494105:G:C	45	3	168449093	169449093
rs9647379:G:C	46	3	171285168	172285168
rs4686696:G:A	47	3	185016520	186016520
rs11724804:G:A	48	4	465779	1465779
rs917681:C:T	49	4	12747539	13747539
rs13137905:T:G	50	4	14875668	15875668
rs10462028:G:A	51	4	55798300	56798300
rs2167750:C:T	52	4	89230074	90230074
rs13107325:C:T	53	4	102688709	103688709
rs56185013:G:A	54	4	105660133	106660133
rs1511022:C:T	55	4	119626233	120626233
rs11134029:T:C	56	5	3525324	4525324
rs3792751:C:T	57	5	32273314	33273314
rs299615:G:A	58	5	33542097	34542097
rs4293945:A:T	59	5	38236142	39236142
rs1541681:G:T	60	5	52804620	53804620
rs6867518:T:C	61	5	64179283	65179283
rs17154889:C:A	62	5	101805065	102805065
rs17764730:C:T	63	5	126857526	127857526
rs1029472:G:A	64	5	130367733	131367733
rs11747001:A:G	65	5	131912299	132912299
rs10055995:C:T	66	5	137198299	138198299
rs10463416:G:A	67	5	148072915	149072915
rs79664277:G:A	68	5	149359889	150359889
rs17703354:T:C	69	5	157486357	158486357
rs6556301:G:T	70	5	176027577	177027577
rs11746028:C:T	71	5	180145425	181145425
rs6932767:G:T	72	6	14095873	15095873
rs7744833:A:G	73	6	20081828	21081828
rs2294823:C:T	74	6	22096987	23096987
rs13198178:G:C	75	6	41202227	42202227
rs9341990:A:G	76	6	84891568	85891568
rs2503100:A:G	77	6	100113915	101113915
rs11757455:G:A	78	6	112022852	113022852
rs9388766:T:C	79	6	129854855	130854855
rs634869:T:C	80	6	139331757	140331757
rs541091:G:A	81	6	160270552	161270552
rs2158828:A:G	82	7	13727425	14727425
rs3807947:T:G	83	7	19924889	20924889
rs13223034:C:T	84	7	42201627	43201627
rs3110697:A:G	85	7	45455029	46455029
rs2529411:G:C	86	7	50238482	51238482
rs7795371:A:G	87	7	76862504	77862504
rs917191:G:C	88	7	80070871	81070871
rs13234914:A:G	89	7	84077411	85077411
rs2299253:T:C	90	7	92610055	93610055
rs402294:G:A	91	7	101223260	102223260
rs1144:T:C	92	7	104256355	105256355
rs2222543:G:C	93	7	120402185	121402185
rs1364422:C:T	94	7	129945981	130945981
rs357438:G:C	95	7	137523288	138523288
rs7827182:G:C	96	8	7880471	8880471
rs4474021:G:T	97	8	12132903	13132903
rs12543555:A:G	98	8	69062014	70062014
rs17369710:T:C	99	8	75495382	76495382
rs821100:A:G	100	8	88948877	89948877
rs7003062:T:C	101	8	120858527	121858527
rs13256367:A:C	102	8	127834900	128834900
rs10100533:A:G	103	8	135206219	136206219
rs10963067:C:A	104	9	16867946	17867946
rs16907277:A:G	105	9	93472658	94472658
rs12686771:C:T	106	9	94972584	95972584
rs2398893:A:G	107	9	96258342	97258342
rs7854560:C:T	108	9	97882950	98882950
rs2075665:A:T	109	9	101249943	102249943
rs10980797:A:G	110	9	113412553	114412553
rs10817896:C:T	111	9	118732655	119732655
rs4489410:A:C	112	9	131091649	132091649
rs144926207:T:C	113	9	139579779	140579779
rs7086377:T:G	114	10	3096526	4096526
rs1494204:C:T	115	10	27404321	28404321
rs41277978:C:A	116	10	71383836	72383836
rs9415106:G:A	117	10	76795957	77795957
rs10887759:G:A	118	10	89103424	90103424
rs28408682:A:G	119	10	103903310	104903310
rs7903146:C:T	120	10	114258349	115258349
rs2786198:A:G	121	10	118813196	119813196
rs17101456:A:G	122	10	122375040	123375040
rs11042077:G:A	123	11	8325966	9325966
rs757081:C:G	124	11	16851683	17851683
rs7945962:G:A	125	11	35860598	36860598
rs34312154:G:A	126	11	46970345	47970345
rs56271783:G:C	127	11	63504723	64504723
rs3741378:C:T	128	11	64908937	65908937
rs10502148:C:T	129	11	111147998	112147998
rs747249:A:G	130	11	129771647	130771647
rs56196860:C:A	131	12	2408330	3408330
rs1805740:G:T	132	12	8575014	9575014
rs10842707:C:T	133	12	25971364	26971364
rs10843804:T:C	134	12	30314864	31314864
rs2200155:G:A	135	12	33234935	34234935
rs10880823:T:C	136	12	45486738	46486738
rs2277339:T:G	137	12	56646069	57646069
rs711076:T:C	138	12	77405207	78405207
rs10745659:C:G	139	12	93592690	94592690
rs10778504:C:T	140	12	106620424	107620424
rs4964656:G:C	141	12	108094069	109094069
rs12823266:A:G	142	12	130941717	131941717
rs12828318:A:G	143	12	133266122	134266122
rs7993238:A:C	144	13	21973593	22973593
rs10507524:T:C	145	13	44184600	45184600
rs17067999:C:T	146	13	77663787	78663787
rs1057119:C:G	147	14	23246269	24246269
rs12435790:A:G	148	14	34654381	35654381
rs146182298:C:T	149	14	52031408	53031408
rs1190982:T:C	150	14	58315839	59315839
rs4902630:A:G	151	14	68642390	69642390
rs2526886:G:T	152	14	70859064	71859064
rs699370:T:C	153	14	74489119	75489119
rs7492628:C:G	154	14	91047136	92047136
rs2124307:T:C	155	14	97844662	98844662
rs12441543:G:A	156	15	31189543	32189543
rs2701523:A:G	157	15	36884284	37884284
rs1105881:C:G	158	15	41572530	42572530
rs17703883:T:C	159	15	51030097	52030097
rs16976826:C:T	160	15	56017524	57017524
rs62012773:A:G	161	15	63368761	64368761
rs2028386:C:G	162	15	73726708	74726708
rs59888683:C:T	163	15	78549464	79549464
rs139271800:A:G	164	15	89714777	90714777
rs8024294:G:A	165	15	93523132	94523132
rs13379794:G:A	166	15	97867100	98867100
rs2603229:T:C	167	15	99763499	100763499
rs2047937:C:T	168	16	49364791	50364791
rs8054299:C:G	169	16	52998655	53998655
rs11574514:C:T	170	16	67471380	68471380
rs2925979:T:C	171	16	81034790	82034790
rs7198287:C:T	172	16	84758191	85758191
rs11078594:G:C	173	17	1112777	2112777
rs7225453:T:C	174	17	3460620	4460620
rs7213608:C:T	175	17	20779289	21779289
rs72823057:G:C	176	17	40067260	41067260
rs4794033:G:A	177	17	46858481	47858481
rs8074638:G:A	178	17	53231579	54231579
rs227733:C:A	179	17	54269174	55269174
rs757608:A:G	180	17	58997277	59997277
rs1051684:A:G	181	17	61506497	62506497
rs8066985:A:G	182	17	67953345	68953345
rs1029645:G:A	183	17	69795760	70795760
rs2376585:T:C	184	17	75917883	76917883
rs35344256:C:A	185	17	79434194	80434194
rs7235010:G:A	186	18	20224810	21224810
rs35710478:G:C	187	18	44877882	45877882
rs12608426:G:A	188	18	46181664	47181664
rs12454712:T:C	189	18	60345884	61345884
rs12459350:A:G	190	19	1676586	2676586
rs1035942:A:G	191	19	6699803	7699803
rs62621197:C:T	192	19	8170147	9170147
rs16978854:G:A	193	19	12639660	13639660
rs7252102:A:G	194	19	16697012	17697012
rs8103017:C:G	195	19	55499142	56499142
rs144033177:A:C	196	20	71467	1071467
rs6040229:A:G	197	20	10383131	11383131
rs6047259:C:T	198	20	20598319	21598319
rs1406948:G:A	199	20	33405619	34405619
rs1328757:C:T	200	20	55635199	56635199
rs8126001:C:T	201	20	62211459	63211459
rs2898237:A:G	202	21	36263769	37263769
rs2836141:T:C	203	21	38955061	39955061
rs8142329:A:G	204	22	27147289	28147289
rs2272790:G:A	205	22	35180095	36180095
rs801593:G:C	206	22	46695050	47695050
